#-------------------------------------------------------------------------------
#-------------------------------------------------------------------------------
# NotesAmortization
#-------------------------------------------------------------------------------
#-------------------------------------------------------------------------------
for ii=1:6,
  for jj=1:11,
    amount=ii*5e3;
    R=((jj-.999)./10)./12;
    amorTable(ii,jj) = pmt(R,48,amount);
  endfor
endfor

amorTable =

104.19   126.84   152.18   180.06   210.27   242.54   276.63   312.24   349.13   387.06   425.84
208.38   253.67   304.36   360.12   420.53   485.09   553.25   624.48   698.26   774.13   851.68
312.56   380.51   456.54   540.18   630.80   727.63   829.88   936.72  1047.39  1161.19  1277.52
416.75   507.35   608.71   720.24   841.06   970.18  1106.51  1248.96  1396.52  1548.26  1703.36
520.94   634.18   760.89   900.30  1051.33  1212.72  1383.14  1561.21  1745.66  1935.32  2129.20
625.13   761.02   913.07  1080.35  1261.59  1455.27  1659.76  1873.45  2094.79  2322.39  2555.03
